3883 ANSWERS and 1192 QUESTIONS.
3.2575502 ANSWERS ON AVERAGE PER QUESTION.


NUMBER OF ANSWERS (DISTRIBUTION):
0 0
1 0
2 588
3 255
4 135
5 92
6 45
7 26
8 18
9 11
10 6
11 7
12 8
13 0
14 1
15 0
16 0
17 0
18 0
19 0
20 0
21 0
22 0
23 0
24 0
25 0
26 0
27 0
28 0
29 0
30 0
31 0
32 0
33 0
34 0
35 0
36 0
37 0
38 0
39 0
40 0
41 0
42 0
43 0
44 0
45 0
46 0
47 0
48 0
49 0
50 0
51 0
52 0
53 0
54 0
55 0
56 0
57 0
58 0
59 0
60 0
61 0
62 0
63 0
64 0
65 0
66 0
67 0
68 0
69 0
70 0
71 0
72 0
73 0
74 0
75 0
76 0
77 0
78 0
79 0
80 0
81 0
82 0
83 0
84 0
85 0
86 0
87 0
88 0
89 0
90 0
91 0
92 0
93 0
94 0
95 0
96 0
97 0
98 0
99 0
ANSWER LENGTH (DISTRIBUTION):
0 0
1 60
2 72
3 78
4 71
5 78
6 73
7 75
8 69
9 61
10 65
11 47
12 57
13 46
14 50
15 47
16 41
17 40
18 51
19 46
20 49
21 39
22 37
23 44
24 34
25 32
26 33
27 31
28 48
29 37
30 34
31 37
32 29
33 23
34 25
35 26
36 32
37 20
38 19
39 30
40 22
41 16
42 24
43 21
44 22
45 19
46 21
47 16
48 16
49 18
50 15
51 33
52 20
53 24
54 16
55 19
56 25
57 21
58 24
59 16
60 14
61 16
62 18
63 15
64 18
65 15
66 14
67 17
68 12
69 16
70 19
71 24
72 17
73 19
74 20
75 20
76 16
77 16
78 11
79 17
80 9
81 19
82 11
83 23
84 15
85 13
86 11
87 21
88 13
89 13
90 13
91 13
92 13
93 15
94 11
95 12
96 11
97 11
98 19
99 14
100 21
101 12
102 19
103 18
104 11
105 13
106 10
107 10
108 12
109 16
110 18
111 13
112 11
113 7
114 12
115 11
116 11
117 6
118 13
119 10
120 12
121 12
122 9
123 13
124 7
125 16
126 13
127 10
128 13
129 6
130 8
131 9
132 8
133 7
134 8
135 5
136 8
137 7
138 7
139 13
140 6
141 9
142 10
143 9
144 6
145 6
146 6
147 8
148 8
149 4
150 5
151 4
152 7
153 3
154 8
155 7
156 10
157 4
158 5
159 4
160 5
161 7
162 3
163 5
164 7
165 6
166 8
167 4
168 4
169 6
170 4
171 8
172 2
173 7
174 4
175 4
176 1
177 3
178 8
179 4
180 8
181 5
182 6
183 6
184 3
185 2
186 2
187 4
188 3
189 5
190 1
191 3
192 4
193 6
194 5
195 0
196 4
197 3
198 1
199 3
200 5
201 5
202 1
203 3
204 1
205 6
206 3
207 4
208 7
209 2
210 5
211 1
212 2
213 5
214 3
215 1
216 4
217 7
218 6
219 1
220 2
221 3
222 2
223 1
224 3
225 3
226 1
227 4
228 0
229 1
230 2
231 7
232 3
233 0
234 2
235 3
236 2
237 0
238 3
239 0
240 5
241 2
242 1
243 1
244 3
245 3
246 2
247 2
248 2
249 3
250 0
251 1
252 1
253 1
254 2
255 2
256 2
257 1
258 1
259 29
260 7
261 3
262 2
263 2
264 3
265 1
266 2
267 2
268 3
269 1
270 2
271 1
272 3
273 1
274 3
275 2
276 3
277 0
278 3
279 2
280 0
281 0
282 2
283 2
284 2
285 1
286 1
287 2
288 0
289 2
290 3
291 1
292 0
293 1
294 0
295 1
296 0
297 0
298 3
299 0
300 0
301 0
302 0
303 3
304 1
305 0
306 0
307 2
308 2
309 1
310 0
311 2
312 0
313 0
314 0
315 2
316 0
317 1
318 2
319 2
320 6
321 2
322 0
323 0
324 1
325 1
326 0
327 0
328 1
329 1
330 1
331 2
332 3
333 1
334 1
335 1
336 1
337 0
338 1
339 0
340 1
341 0
342 0
343 0
344 0
345 4
346 0
347 0
348 1
349 2
350 2
351 2
352 1
353 1
354 0
355 1
356 0
357 2
358 1
359 0
360 2
361 0
362 0
363 0
364 1
365 0
366 0
367 2
368 1
369 0
370 0
371 0
372 3
373 1
374 3
375 2
376 0
377 0
378 0
379 0
380 0
381 0
382 0
383 2
384 0
385 0
386 1
387 0
388 1
389 0
390 0
391 0
392 0
393 3
394 1
395 0
396 0
397 0
398 0
399 0
400 0
401 0
402 0
403 0
404 0
405 0
406 0
407 0
408 0
409 0
410 0
411 0
412 0
413 0
414 0
415 0
416 0
417 0
418 0
419 0
420 0
421 0
422 0
423 0
424 0
425 0
426 0
427 0
428 0
429 0
430 0
431 0
432 0
433 0
434 0
435 0
436 0
437 0
438 0
439 0
440 0
441 0
442 0
443 0
444 0
445 0
446 0
447 0
448 0
449 0
450 0
451 0
452 0
453 0
454 0
455 0
456 0
457 0
458 0
459 0
460 0
461 0
462 0
463 0
464 0
465 0
466 0
467 0
468 0
469 0
470 0
471 0
472 0
473 0
474 0
475 0
476 0
477 0
478 0
479 0
480 0
481 0
482 0
483 0
484 0
485 0
486 0
487 0
488 0
489 0
490 0
491 0
492 0
493 0
494 0
495 0
496 0
497 0
498 0
499 0
500 0
501 0
502 0
503 0
504 0
505 0
506 0
507 0
508 0
509 0
510 0
511 0
512 0
513 0
514 0
515 0
516 0
517 0
518 0
519 0
520 0
521 0
522 0
523 0
524 0
525 0
526 0
527 0
528 0
529 0
530 0
531 0
532 0
533 0
534 0
535 0
536 0
537 0
538 0
539 0
540 0
541 0
542 0
543 0
544 0
545 0
546 0
547 0
548 0
549 0
550 0
551 0
552 0
553 0
554 0
555 0
556 0
557 0
558 0
559 0
560 0
561 0
562 0
563 0
564 0
565 0
566 0
567 0
568 0
569 0
570 0
571 0
572 0
573 0
574 0
575 0
576 0
577 0
578 0
579 0
580 0
581 0
582 0
583 0
584 0
585 0
586 0
587 0
588 0
589 0
590 0
591 0
592 0
593 0
594 0
595 0
596 0
597 0
598 0
599 0
600 0
601 0
602 0
603 0
604 0
605 0
606 0
607 0
608 0
609 0
610 0
611 0
612 0
613 0
614 0
615 0
616 0
617 0
618 0
619 0
620 0
621 0
622 0
623 0
624 0
625 0
626 0
627 0
628 0
629 0
630 0
631 0
632 0
633 0
634 0
635 0
636 0
637 0
638 0
639 0
640 0
641 0
642 0
643 0
644 0
645 0
646 0
647 0
648 0
649 0
650 0
651 0
652 0
653 0
654 0
655 0
656 0
657 0
658 0
659 0
660 0
661 0
662 0
663 0
664 0
665 0
666 0
667 0
668 0
669 0
670 0
671 0
672 0
673 0
674 0
675 0
676 0
677 0
678 0
679 0
680 0
681 0
682 0
683 0
684 0
685 0
686 0
687 0
688 0
689 0
690 0
691 0
692 0
693 0
694 0
695 0
696 0
697 0
698 0
699 0
700 0
701 0
702 0
703 0
704 0
705 0
706 0
707 0
708 0
709 0
710 0
711 0
712 0
713 0
714 0
715 0
716 0
717 0
718 0
719 0
720 0
721 0
722 0
723 0
724 0
725 0
726 0
727 0
728 0
729 0
730 0
731 0
732 0
733 0
734 0
735 0
736 0
737 0
738 0
739 0
740 0
741 0
742 0
743 0
744 0
745 0
746 0
747 0
748 0
749 0
750 0
751 0
752 0
753 0
754 0
755 0
756 0
757 0
758 0
759 0
760 0
761 0
762 0
763 0
764 0
765 0
766 0
767 0
768 0
769 0
770 0
771 0
772 0
773 0
774 0
775 0
776 0
777 0
778 0
779 0
780 0
781 0
782 0
783 0
784 0
785 0
786 0
787 0
788 0
789 0
790 0
791 0
792 0
793 0
794 0
795 0
796 0
797 0
798 0
799 0
800 0
801 0
802 0
803 0
804 0
805 0
806 0
807 0
808 0
809 0
810 0
811 0
812 0
813 0
814 0
815 0
816 0
817 0
818 0
819 0
820 0
821 0
822 0
823 0
824 0
825 0
826 0
827 0
828 0
829 0
830 0
831 0
832 0
833 0
834 0
835 0
836 0
837 0
838 0
839 0
840 0
841 0
842 0
843 0
844 0
845 0
846 0
847 0
848 0
849 0
850 0
851 0
852 0
853 0
854 0
855 0
856 0
857 0
858 0
859 0
860 0
861 0
862 0
863 0
864 0
865 0
866 0
867 0
868 0
869 0
870 0
871 0
872 0
873 0
874 0
875 0
876 0
877 0
878 0
879 0
880 0
881 0
882 0
883 0
884 0
885 0
886 0
887 0
888 0
889 0
890 0
891 0
892 0
893 0
894 0
895 0
896 0
897 0
898 0
899 0
900 0
901 0
902 0
903 0
904 0
905 0
906 0
907 0
908 0
909 0
910 0
911 0
912 0
913 0
914 0
915 0
916 0
917 0
918 0
919 0
920 0
921 0
922 0
923 0
924 0
925 0
926 0
927 0
928 0
929 0
930 0
931 0
932 0
933 0
934 0
935 0
936 0
937 0
938 0
939 0
940 0
941 0
942 0
943 0
944 0
945 0
946 0
947 0
948 0
949 0
950 0
951 0
952 0
953 0
954 0
955 0
956 0
957 0
958 0
959 0
960 0
961 0
962 0
963 0
964 0
965 0
966 0
967 0
968 0
969 0
970 0
971 0
972 0
973 0
974 0
975 0
976 0
977 0
978 0
979 0
980 0
981 0
982 0
983 0
984 0
985 0
986 0
987 0
988 0
989 0
990 0
991 0
992 0
993 0
994 0
995 0
996 0
997 0
998 0
999 0



SUM OF THE LENGTH OF ALL ANSWERS TO A QUESTION (DISTRIBUTION):
0 0
1 0
2 0
3 0
4 0
5 0
6 0
7 0
8 0
9 0
10 0
11 0
12 0
13 0
14 0
15 0
16 0
17 0
18 0
19 0
20 0
21 0
22 0
23 0
24 0
25 0
26 0
27 0
28 0
29 0
30 0
31 0
32 0
33 0
34 0
35 0
36 0
37 0
38 0
39 0
40 0
41 0
42 0
43 0
44 0
45 0
46 0
47 0
48 0
49 0
50 0
51 0
52 0
53 0
54 0
55 0
56 0
57 0
58 0
59 0
60 0
61 0
62 0
63 0
64 0
65 0
66 0
67 0
68 0
69 0
70 0
71 0
72 0
73 0
74 0
75 0
76 0
77 0
78 0
79 0
80 0
81 0
82 0
83 0
84 0
85 0
86 0
87 0
88 0
89 0
90 0
91 0
92 0
93 0
94 0
95 0
96 0
97 0
98 0
99 0
100 0
101 0
102 14
103 16
104 12
105 15
106 7
107 11
108 6
109 10
110 6
111 6
112 8
113 6
114 5
115 11
116 10
117 12
118 10
119 12
120 5
121 4
122 2
123 3
124 7
125 10
126 5
127 4
128 6
129 5
130 5
131 6
132 6
133 3
134 4
135 9
136 6
137 1
138 9
139 5
140 4
141 3
142 1
143 7
144 6
145 8
146 2
147 5
148 4
149 2
150 2
151 4
152 4
153 11
154 9
155 4
156 7
157 5
158 10
159 6
160 8
161 6
162 3
163 11
164 6
165 3
166 9
167 7
168 6
169 4
170 5
171 3
172 9
173 0
174 2
175 5
176 3
177 3
178 7
179 4
180 8
181 2
182 8
183 2
184 7
185 7
186 4
187 3
188 2
189 2
190 1
191 4
192 6
193 3
194 5
195 3
196 2
197 5
198 6
199 7
200 2
201 1
202 2
203 1
204 3
205 3
206 2
207 6
208 5
209 2
210 3
211 5
212 8
213 3
214 2
215 7
216 4
217 6
218 7
219 3
220 4
221 5
222 2
223 2
224 2
225 3
226 8
227 2
228 3
229 2
230 7
231 4
232 5
233 2
234 5
235 1
236 7
237 2
238 3
239 4
240 3
241 3
242 2
243 2
244 3
245 5
246 1
247 1
248 2
249 5
250 2
251 0
252 5
253 3
254 2
255 4
256 3
257 4
258 3
259 1
260 4
261 4
262 2
263 5
264 2
265 2
266 5
267 3
268 2
269 7
270 0
271 2
272 5
273 4
274 2
275 1
276 3
277 4
278 3
279 2
280 2
281 4
282 3
283 4
284 6
285 1
286 1
287 4
288 5
289 3
290 3
291 0
292 2
293 0
294 2
295 3
296 5
297 1
298 2
299 2
300 8
301 1
302 2
303 5
304 1
305 2
306 2
307 1
308 1
309 3
310 2
311 1
312 4
313 0
314 2
315 2
316 0
317 1
318 2
319 4
320 2
321 3
322 1
323 4
324 2
325 4
326 1
327 2
328 1
329 2
330 1
331 2
332 1
333 3
334 1
335 2
336 3
337 0
338 2
339 1
340 2
341 1
342 2
343 0
344 1
345 1
346 2
347 0
348 2
349 3
350 2
351 1
352 4
353 2
354 1
355 0
356 2
357 2
358 1
359 1
360 1
361 1
362 1
363 0
364 0
365 0
366 4
367 1
368 0
369 1
370 0
371 0
372 0
373 4
374 0
375 0
376 2
377 2
378 3
379 0
380 1
381 2
382 1
383 2
384 1
385 2
386 2
387 3
388 3
389 1
390 0
391 0
392 1
393 5
394 1
395 1
396 0
397 0
398 1
399 1
400 2
401 1
402 1
403 1
404 0
405 3
406 2
407 2
408 1
409 1
410 0
411 0
412 1
413 3
414 0
415 2
416 1
417 1
418 1
419 0
420 1
421 0
422 1
423 1
424 1
425 0
426 2
427 1
428 3
429 1
430 2
431 1
432 0
433 0
434 1
435 2
436 1
437 0
438 2
439 1
440 2
441 1
442 1
443 0
444 1
445 1
446 0
447 1
448 0
449 1
450 0
451 0
452 1
453 0
454 2
455 0
456 0
457 1
458 2
459 1
460 0
461 0
462 0
463 1
464 1
465 1
466 1
467 0
468 0
469 1
470 0
471 2
472 0
473 2
474 0
475 1
476 0
477 1
478 0
479 0
480 2
481 1
482 1
483 0
484 1
485 1
486 1
487 0
488 1
489 0
490 0
491 1
492 1
493 0
494 0
495 0
496 1
497 0
498 0
499 0
500 0
501 0
502 2
503 0
504 0
505 0
506 0
507 0
508 0
509 0
510 0
511 1
512 0
513 2
514 0
515 1
516 0
517 0
518 0
519 0
520 0
521 0
522 0
523 0
524 0
525 0
526 1
527 0
528 0
529 1
530 0
531 1
532 0
533 0
534 1
535 1
536 0
537 0
538 0
539 1
540 1
541 1
542 0
543 0
544 0
545 0
546 0
547 0
548 0
549 2
550 1
551 0
552 0
553 0
554 0
555 0
556 0
557 0
558 0
559 1
560 0
561 0
562 0
563 1
564 0
565 2
566 0
567 0
568 1
569 0
570 0
571 0
572 0
573 1
574 0
575 0
576 0
577 0
578 0
579 0
580 0
581 0
582 0
583 0
584 0
585 2
586 0
587 0
588 0
589 1
590 0
591 0
592 0
593 0
594 0
595 0
596 1
597 0
598 2
599 0
600 1
601 0
602 0
603 0
604 1
605 0
606 0
607 0
608 0
609 0
610 0
611 2
612 0
613 1
614 0
615 0
616 0
617 0
618 0
619 1
620 0
621 1
622 0
623 0
624 0
625 0
626 0
627 1
628 0
629 0
630 1
631 0
632 1
633 0
634 0
635 1
636 0
637 0
638 0
639 0
640 1
641 0
642 0
643 0
644 0
645 0
646 0
647 0
648 1
649 0
650 0
651 0
652 0
653 0
654 0
655 0
656 0
657 0
658 0
659 0
660 0
661 1
662 0
663 0
664 0
665 1
666 1
667 0
668 0
669 0
670 0
671 0
672 0
673 0
674 1
675 0
676 0
677 0
678 0
679 0
680 0
681 0
682 1
683 0
684 0
685 0
686 0
687 0
688 1
689 0
690 0
691 0
692 0
693 0
694 0
695 0
696 0
697 0
698 0
699 0
700 0
701 0
702 0
703 0
704 0
705 0
706 0
707 1
708 0
709 0
710 0
711 0
712 0
713 0
714 0
715 0
716 0
717 0
718 1
719 0
720 0
721 0
722 0
723 0
724 0
725 0
726 0
727 0
728 0
729 0
730 0
731 0
732 0
733 0
734 0
735 0
736 0
737 1
738 0
739 0
740 0
741 0
742 0
743 0
744 0
745 0
746 0
747 0
748 0
749 0
750 0
751 0
752 0
753 0
754 0
755 0
756 0
757 0
758 0
759 0
760 0
761 0
762 0
763 0
764 0
765 0
766 0
767 0
768 0
769 0
770 0
771 0
772 0
773 0
774 0
775 0
776 0
777 0
778 0
779 0
780 0
781 0
782 0
783 0
784 0
785 0
786 0
787 0
788 0
789 0
790 0
791 0
792 0
793 1
794 0
795 0
796 0
797 0
798 0
799 0
800 0
801 0
802 0
803 0
804 0
805 0
806 0
807 0
808 0
809 0
810 0
811 0
812 0
813 0
814 0
815 0
816 0
817 0
818 0
819 0
820 0
821 0
822 0
823 0
824 0
825 0
826 0
827 0
828 0
829 0
830 0
831 0
832 0
833 0
834 0
835 0
836 0
837 0
838 0
839 1
840 0
841 0
842 0
843 0
844 0
845 0
846 0
847 0
848 0
849 0
850 0
851 0
852 0
853 0
854 0
855 0
856 0
857 0
858 0
859 0
860 0
861 0
862 0
863 0
864 0
865 0
866 0
867 1
868 0
869 0
870 0
871 0
872 0
873 0
874 0
875 0
876 0
877 0
878 0
879 0
880 0
881 0
882 0
883 0
884 0
885 0
886 0
887 0
888 0
889 0
890 0
891 0
892 0
893 0
894 0
895 0
896 0
897 0
898 0
899 0
900 0
901 0
902 0
903 0
904 0
905 0
906 0
907 0
908 0
909 0
910 0
911 0
912 0
913 0
914 0
915 0
916 0
917 0
918 0
919 0
920 0
921 0
922 0
923 0
924 0
925 1
926 0
927 0
928 0
929 0
930 0
931 0
932 0
933 0
934 0
935 0
936 0
937 0
938 0
939 0
940 0
941 0
942 0
943 0
944 0
945 0
946 0
947 0
948 0
949 0
950 0
951 0
952 0
953 0
954 0
955 0
956 0
957 0
958 0
959 0
960 0
961 0
962 0
963 0
964 0
965 0
966 0
967 0
968 0
969 0
970 0
971 0
972 0
973 0
974 0
975 0
976 0
977 0
978 0
979 0
980 0
981 1
982 0
983 0
984 0
985 0
986 0
987 0
988 1
989 0
990 0
991 0
992 0
993 0
994 0
995 0
996 0
997 0
998 0
999 0



SUM OF THE NORMALIZEDLENGTH OF ALL ANSWERS (DISTRIBUTION):
0 0
1 0
2 0
3 0
4 0
5 0
6 0
7 0
8 0
9 0
10 0
11 0
12 0
13 0
14 0
15 0
16 0
17 0
18 0
19 0
20 0
21 0
22 0
23 0
24 0
25 0
26 0
27 0
28 0
29 0
30 0
31 0
32 0
33 0
34 0
35 0
36 0
37 0
38 0
39 0
40 0
41 0
42 0
43 0
44 0
45 0
46 0
47 0
48 0
49 0
50 0
51 63
52 59
53 42
54 47
55 37
56 32
57 39
58 43
59 38
60 22
61 21
62 32
63 23
64 27
65 24
66 30
67 22
68 22
69 24
70 21
71 19
72 18
73 20
74 16
75 25
76 16
77 13
78 15
79 14
80 19
81 19
82 7
83 11
84 10
85 8
86 10
87 7
88 6
89 13
90 9
91 9
92 7
93 8
94 3
95 5
96 4
97 4
98 8
99 5
100 5
101 4
102 3
103 5
104 4
105 1
106 9
107 7
108 4
109 6
110 4
111 4
112 2
113 3
114 5
115 5
116 6
117 3
118 2
119 2
120 2
121 2
122 1
123 1
124 4
125 2
126 1
127 2
128 5
129 1
130 0
131 5
132 2
133 4
134 0
135 1
136 1
137 0
138 3
139 3
140 2
141 6
142 2
143 3
144 2
145 1
146 1
147 0
148 2
149 1
150 1
151 3
152 3
153 1
154 2
155 2
156 0
157 0
158 1
159 0
160 2
161 2
162 2
163 1
164 1
165 2
166 0
167 0
168 0
169 2
170 1
171 1
172 1
173 1
174 1
175 1
176 1
177 0
178 0
179 0
180 2
181 1
182 0
183 1
184 1
185 0
186 1
187 0
188 2
189 1
190 2
191 0
192 0
193 0
194 1
195 0
196 2
197 1
198 0
199 0
200 0
201 0
202 0
203 0
204 1
205 0
206 0
207 0
208 0
209 0
210 0
211 1
212 0
213 0
214 1
215 0
216 0
217 0
218 0
219 0
220 0
221 1
222 0
223 0
224 0
225 0
226 0
227 0
228 0
229 1
230 0
231 0
232 0
233 0
234 0
235 0
236 0
237 0
238 0
239 0
240 0
241 0
242 0
243 0
244 0
245 0
246 0
247 0
248 0
249 0
250 0
251 0
252 0
253 0
254 0
255 0
256 0
257 0
258 0
259 0
260 0
261 0
262 0
263 0
264 0
265 0
266 0
267 0
268 0
269 0
270 0
271 0
272 0
273 0
274 0
275 0
276 0
277 0
278 0
279 0
280 0
281 0
282 0
283 0
284 0
285 0
286 0
287 0
288 0
289 0
290 0
291 0
292 0
293 0
294 0
295 0
296 0
297 0
298 0
299 0
300 0
301 0
302 0
303 0
304 0
305 0
306 0
307 0
308 0
309 0
310 0
311 0
312 0
313 0
314 0
315 0
316 0
317 0
318 0
319 0
320 0
321 0
322 0
323 0
324 0
325 0
326 0
327 0
328 0
329 0
330 0
331 0
332 0
333 0
334 0
335 0
336 0
337 0
338 0
339 0
340 0
341 0
342 0
343 0
344 0
345 0
346 0
347 0
348 0
349 0
350 0
351 0
352 0
353 0
354 0
355 0
356 0
357 0
358 0
359 0
360 0
361 0
362 0
363 0
364 0
365 0
366 0
367 0
368 0
369 0
370 0
371 0
372 0
373 0
374 0
375 0
376 0
377 0
378 0
379 0
380 0
381 0
382 0
383 0
384 0
385 0
386 0
387 0
388 0
389 0
390 0
391 0
392 0
393 0
394 0
395 0
396 0
397 0
398 0
399 0
400 0
401 0
402 0
403 0
404 0
405 0
406 0
407 0
408 0
409 0
410 0
411 0
412 0
413 0
414 0
415 0
416 0
417 0
418 0
419 0
420 0
421 0
422 0
423 0
424 0
425 0
426 0
427 0
428 0
429 0
430 0
431 0
432 0
433 0
434 0
435 0
436 0
437 0
438 0
439 0
440 0
441 0
442 0
443 0
444 0
445 0
446 0
447 0
448 0
449 0
450 0
451 0
452 0
453 0
454 0
455 0
456 0
457 0
458 0
459 0
460 0
461 0
462 0
463 0
464 0
465 0
466 0
467 0
468 0
469 0
470 0
471 0
472 0
473 0
474 0
475 0
476 0
477 0
478 0
479 0
480 0
481 0
482 0
483 0
484 0
485 0
486 0
487 0
488 0
489 0
490 0
491 0
492 0
493 0
494 0
495 0
496 0
497 0
498 0
499 0
500 0
501 0
502 0
503 0
504 0
505 0
506 0
507 0
508 0
509 0
510 0
511 0
512 0
513 0
514 0
515 0
516 0
517 0
518 0
519 0
520 0
521 0
522 0
523 0
524 0
525 0
526 0
527 0
528 0
529 0
530 0
531 0
532 0
533 0
534 0
535 0
536 0
537 0
538 0
539 0
540 0
541 0
542 0
543 0
544 0
545 0
546 0
547 0
548 0
549 0
550 0
551 0
552 0
553 0
554 0
555 0
556 0
557 0
558 0
559 0
560 0
561 0
562 0
563 0
564 0
565 0
566 0
567 0
568 0
569 0
570 0
571 0
572 0
573 0
574 0
575 0
576 0
577 0
578 0
579 0
580 0
581 0
582 0
583 0
584 0
585 0
586 0
587 0
588 0
589 0
590 0
591 0
592 0
593 0
594 0
595 0
596 0
597 0
598 0
599 0
600 0
601 0
602 0
603 0
604 0
605 0
606 0
607 0
608 0
609 0
610 0
611 0
612 0
613 0
614 0
615 0
616 0
617 0
618 0
619 0
620 0
621 0
622 0
623 0
624 0
625 0
626 0
627 0
628 0
629 0
630 0
631 0
632 0
633 0
634 0
635 0
636 0
637 0
638 0
639 0
640 0
641 0
642 0
643 0
644 0
645 0
646 0
647 0
648 0
649 0
650 0
651 0
652 0
653 0
654 0
655 0
656 0
657 0
658 0
659 0
660 0
661 0
662 0
663 0
664 0
665 0
666 0
667 0
668 0
669 0
670 0
671 0
672 0
673 0
674 0
675 0
676 0
677 0
678 0
679 0
680 0
681 0
682 0
683 0
684 0
685 0
686 0
687 0
688 0
689 0
690 0
691 0
692 0
693 0
694 0
695 0
696 0
697 0
698 0
699 0
700 0
701 0
702 0
703 0
704 0
705 0
706 0
707 0
708 0
709 0
710 0
711 0
712 0
713 0
714 0
715 0
716 0
717 0
718 0
719 0
720 0
721 0
722 0
723 0
724 0
725 0
726 0
727 0
728 0
729 0
730 0
731 0
732 0
733 0
734 0
735 0
736 0
737 0
738 0
739 0
740 0
741 0
742 0
743 0
744 0
745 0
746 0
747 0
748 0
749 0
750 0
751 0
752 0
753 0
754 0
755 0
756 0
757 0
758 0
759 0
760 0
761 0
762 0
763 0
764 0
765 0
766 0
767 0
768 0
769 0
770 0
771 0
772 0
773 0
774 0
775 0
776 0
777 0
778 0
779 0
780 0
781 0
782 0
783 0
784 0
785 0
786 0
787 0
788 0
789 0
790 0
791 0
792 0
793 0
794 0
795 0
796 0
797 0
798 0
799 0
800 0
801 0
802 0
803 0
804 0
805 0
806 0
807 0
808 0
809 0
810 0
811 0
812 0
813 0
814 0
815 0
816 0
817 0
818 0
819 0
820 0
821 0
822 0
823 0
824 0
825 0
826 0
827 0
828 0
829 0
830 0
831 0
832 0
833 0
834 0
835 0
836 0
837 0
838 0
839 0
840 0
841 0
842 0
843 0
844 0
845 0
846 0
847 0
848 0
849 0
850 0
851 0
852 0
853 0
854 0
855 0
856 0
857 0
858 0
859 0
860 0
861 0
862 0
863 0
864 0
865 0
866 0
867 0
868 0
869 0
870 0
871 0
872 0
873 0
874 0
875 0
876 0
877 0
878 0
879 0
880 0
881 0
882 0
883 0
884 0
885 0
886 0
887 0
888 0
889 0
890 0
891 0
892 0
893 0
894 0
895 0
896 0
897 0
898 0
899 0
900 0
901 0
902 0
903 0
904 0
905 0
906 0
907 0
908 0
909 0
910 0
911 0
912 0
913 0
914 0
915 0
916 0
917 0
918 0
919 0
920 0
921 0
922 0
923 0
924 0
925 0
926 0
927 0
928 0
929 0
930 0
931 0
932 0
933 0
934 0
935 0
936 0
937 0
938 0
939 0
940 0
941 0
942 0
943 0
944 0
945 0
946 0
947 0
948 0
949 0
950 0
951 0
952 0
953 0
954 0
955 0
956 0
957 0
958 0
959 0
960 0
961 0
962 0
963 0
964 0
965 0
966 0
967 0
968 0
969 0
970 0
971 0
972 0
973 0
974 0
975 0
976 0
977 0
978 0
979 0
980 0
981 0
982 0
983 0
984 0
985 0
986 0
987 0
988 0
989 0
990 0
991 0
992 0
993 0
994 0
995 0
996 0
997 0
998 0
999 0
